9538
6241
663
478
2707
9566
1067
3861
2730
9198
3043
5496
1149
4314
8367
8957
176
6486
4058
1977
1555
5776
7917
9584
8630
6346
1170
7809
7372
6897
6815
5672
2297
3676
2648
2067
6208
1552
6033
3231
8441
1686
3446
6018
4945
2731
1595
1932
4907
6145
8468
6973
2880
5209
2059
2750
2407
1653
1714
5033
6993
3393
2057
6937
6927
1845
2261
5254
5957
7486
4094
139
101
7933
572
274
1966
3639
3362
7930
7905
2515
1107
953
2007
6267
2763
1555
528
8052
9704
5050
2664
3170
7895
5175
8764
1937
6718
6477
5062
6647
4211
8402
4775
2561
9386
184
9045
6252
1086
407
7593
3301
9397
195
8203
1355
10
4399
6187
3829
4148
847
9828
4190
6648
3760
5473
672
2655
3769
6429
6524
8974
3621
3095
1429
9604
5629
7877
5647
6228
4177
7346
9555
3505
4211
5812
7813
5896
4519
9073
1
7446
2832
4383
9821
8471
8288
2918
1563
3403
5665
3948
1885
2191
4915
5744
8517
3598
8991
6825
7468
2502
2769
2607
8188
4869
5917
6690
8232
3462
2972
3115
4128
4540
4621
5734
4781
817
5182
3528
8671
8761
2628
6174
6352
8972
9146
2458
5311
6792
2193
5227
5119
6591
8281
511
6977
7220
4299
5134
3280
8037
4108
6727
9593
4565
1331
2352
3584
400
2801
7169
2867
7274
957
2505
6469
8324
7649
3515
2687
568
6244
202
9460
1357
3727
1997
2076
111
9574
5315
7022
1074
3554
5550
91
4995
372
9831
1489
7661
5033
4512
592
1009
9205
1867
8278
8230
5462
3731
5296
7660
3276
5956
1011
1558
7900
6434
8030
4940
862
1209
4745
6488
8691
7700
9587
8302
4735
1444
7946
3725
7410
2903
5118
2827
7100
3894
6390
3247
3052
8957
8451
58
1087
5592
4640
2055
2719
8737
276
3475
6349
9029
3278
9494
1629
1508
9586
1095
8785
1198
2545
9869
5703
4729
304
6160
6953
2612
5559
4584
544
5065
7508
9408
183
5413
6768
8530
3084
8984
162
8883
5953
2158
3814
7946
4691
5767
9767
5781
6552
9393
3460
9483
7029
8292
6860
7289
7580
2617
4749
2697
4452
9453
9754
9913
3316
1731
5063
697
9229
4542
2449
9251
6491
8578
7236
6173
8387
2472
1120
4709
2521
679
8401
2533
3454
1175
1105
116
716
7760
3713
2373
6903
5029
8790
3732
7526
170
635
8014
1579
4677
5326
3614
9345
802
1933
1318
1895
2071
1579
6822
4924
4610
8057
2522
8097
6111
6224
3439
9931
2326
2062
320
7370
6713
1414
8880
8685
7478
2741
7898
8098
7682
2918
480
626
8308
4129
2174
6040
1204
4155
6810
1532
8701
2046
5959
3733
9353
6034
731
2044
4718
834
5254
6899
427
7013
9632
8535
5830
5971
6435
4147
488
297
8854
3844
2469
699
527
8769
2947
7576
6755
7942
3989
7360
4313
3897
1544
1237
2412
1045
3637
9999
486
4834
4588
9437
9417
4228
9635
9956
1596
4836
791
986
1765
5069
